000166 0.93 0.98
000333 0.0 0.99
000503 0.0 0.89
001965 0.97 0.99
001979 0.96 0.99
002252 0.01 0.99
002304 0.0 0.99
002310 0.02 0.27
002450 0.02 0.97
002460 0.01 0.07
002466 0.01 0.13
002555 0.92 0.98
002558 0.99 0.99
002572 0.02 0.28
002594 0.99 0.99
002739 0.0 0.08
002797 0.0 0.16
002925 0.0 0.06
300015 0.03 0.99
300027 0.94 0.97
300072 0.01 0.99
300408 0.13 0.35
300433 0.13 0.91
600025 0.18 0.38
600188 0.94 0.95
600271 0.0 0.2
600362 0.95 0.98
600436 0.0 0.99
600482 0.0 0.42
600816 0.97 0.97
600958 0.84 0.98
600959 0.77 0.99
601021 0.74 0.88
601108 0.91 0.97
601155 0.0 0.99
601198 0.91 0.99
601211 0.55 0.99
601212 0.0 0.98
601228 0.05 0.32
601229 0.01 0.2
601828 0.36 0.61
601838 0.0 0.81
601877 0.87 0.91
601878 0.93 0.98
601881 0.84 0.98
601985 0.95 0.97
601997 0.04 0.69
603160 0.99 0.99
603260 0.1 0.98
603288 0.05 0.99
603799 0.0 0.99
603833 0.98 0.99
603858 0.02 0.14